Starting: brickrun --directory="/home/robot/foo" "/home/robot/foo/main.py"
----------
0.5
0.5
0.5
0.5
0.5
0.5
0.5
0.5
0.5
0.5
0.5
0.5
0.5
0.4989154013015184
0.4979381443298969
0.4970530451866405
0.494392523364486
0.4911032028469751
0.4864636209813875
0.4807073954983922
0.4711684370257966
0.4580369843527738
0.445260347129506
0.4291044776119403
0.4126157407407407
0.3944265809217578
0.3772365805168986
0.3617021276595745
0.3478824546240276
0.3357664233576642
0.3248091603053435
0.3150684931506849
0.3061433447098976
0.2981205443940376
0.2905113986444855
0.2836171462125661
0.2773415591699383
0.2714592274678111
0.2660668380462725
0.2609768130241736
0.2562825983878616
0.2519397535371976
0.2478012313104661
0.243954179041154
0.2403688524590164
0.2371134020618557
0.2340629800307219
0.231198808637379
0.2285869172388868
0.226123595505618
0.224025974025974
0.2220372836218375
0.2204353476283301
0.2190476190476191
0.2180603046316444
0.2175106772422209
0.2181571815718157
0.2190476190476191
0.220371462264151
0.2222547584187408
0.2243085880640466
0.2264697364610484
0.2287402709714615
0.2309899569583931
0.2332190802627821
0.2354279215240262
0.2376167562977639
0.2397858551704705
0.2419354838709677
0.2440659033789444
0.2461773700305811
0.2482701356213673
0.2503444475062
0.252400548696845
0.2544386779568424
0.256389342033714
0.2583220568335589
0.2602370689655173
0.2621346205417002
0.2640149492792312
0.265807651434644
0.2675832892649392
0.2693421052631579
0.2710133542812255
0.2726680562793121
0.2742353551062727
0.2757864878803507
0.2771084337349397
0.2784148827726809
0.2794936708860759
0.2805583501006037
0.2813982521847691
0.2822260783341596
0.2826941986234022
0.2830165692007797
0.2829232995658466
0.2825620229007633
0.2820089601509078
0.2812063344201211
0.2801654792001838
0.2791515426497277
0.2778523489932886
0.2764666960741068
0.2748804867448935
0.2731649903702118
0.2714436248682824
0.2696617555509442
0.2678790355537393
0.2660430496881915
0.2642630744849446
0.2624853687085447
0.26076095311299
0.2590874668686104
0.2574146614437605
0.2557904411764706
0.254212719695597
0.2527246739324638
0.2512775330396475
0.249869633234834
0.248499399759904
0.2471653410052462
0.245866043093369
0.2446001648804617
0.2433664333387596
0.2421636392862884
0.2409906334338784
0.2398087174662904
0.2386926889714994
0.237603305785124
0.2365754046286492
0.2355711722488038
0.234589800443459
0.2336305173925753
0.2326589595375722
0.2317090597313519
0.2307801017524025
0.2298714006150405
0.2290139676393307
0.2281746031746032
0.2273527420446852
0.2265782066747085
0.2258192914952899
0.2250755287009063
0.2243756503642039
0.2237181138881732
0.2231014677728143
0.2225806451612903
0.2221246707638279
0.2217039800995025
0.2213721618953603
0.2211809383804973
0.2211000243368216
0.2210201861477094
0.2211006969478491
0.2212860045416517
0.2216010467467587
0.2219393795879706
0.2223794363872185
0.222972972972973
0.2236148529928546
0.224357476635514
0.2251748251748252
0.226040939753431
0.2270088248954947
0.2280528818276702
0.229120815475501
0.2301862779127618
0.23130273956768
0.2324171382376718
0.2335564274174936
0.2346938775510204
0.2358294930875576
0.2369632784620697
0.2380952380952381
0.239225376393518
0.2403536977491961
0.2414802065404475
0.2426049071313919
0.2437278038721503
0.2448489010989011
0.2459682031339357
0.2470857142857143
0.2482014388489208
0.2493153811045185
0.2504275453198039
0.2515379357484621
0.2526465566306204
0.2537534121929026
0.2548585066484828
0.2559618441971383
0.2570634290253035
0.2581632653061225
0.2592613571995015
0.2603871844220537
0.2615114831994569
0.2626342566421707
0.2637555078522201
0.2648752399232246
0.2659634476534296
0.2670499380002254
0.2680743243243243
0.269066366704162
0.2700258397932816
0.270922144940543
0.2717853942652329
0.2725240330874134
0.2732597054886212
0.2738399910982531
0.2743564136706613
0.2746268656716418
0.2747742787932173
0.2747999561547736
0.2746455834242094
0.2743142144638404
0.2738685344827586
0.2733990147783251
0.2727901287097117
0.2721318402704416
0.2713686418458312
0.2705319038201312
0.2696518954653444
0.2687576875768757
0.2678498779495524
0.2669559951554299
0.2660757211538462
0.2651823874366365
0.2643286968531124
0.2634877117399393
0.2626591505491302
0.2618174802238086
0.2609882217753519
0.260171102661597
0.2593658582617722
0.2585722315907813
0.2577659970238095
0.2569713758079409
0.2561881188118812
0.2554159839796104
0.2546777546777547
0.2539497307001795
0.2532317018810733
0.2525234637860811
0.2518248175182482
0.251135569531796
0.2504772648385977
0.2498275862068966
0.2491863651935594
0.2485534377127297
0.2479705733130391
0.2474365439569675
0.2469089390142022
0.2464695132081741
0.246096009253904
0.2457466918714556
0.2454612365063788
0.2451985677083333
0.2449781305686052
0.2448189662124022
0.2446808510638298
0.2445830335012393
0.2445249661543362
0.2445255474452555
0.2445454545454545
0.2446037498030566
0.2447000628140704
0.2448149017766299
0.2449481157837247
0.245099564405725
0.2452691174189546
0.245437673987009
0.2456620652425388
0.2458852484233195
0.2461449942462601
0.2464034282216101
0.2466793893129771
0.2469540054827902
0.2472272865390459
0.2474992421946044
0.2477698820683399
0.2480579229202806
0.2483446200150489
0.248629982734029
0.2489140203714799
0.2492153639216859
0.24951535937966
0.2498140157714626
0.2500371029979222
0.250259067357513
0.2504799173065564
0.250699661216674
0.2509367423407538
0.251172676634418
0.2514074723989179
0.2516411378555798
0.2518736811467656
0.2521234119782214
0.2523719852248859
0.2526011560693642
0.2528292366467238
0.2530562347188265
0.2532821579740297
0.2535070140280561
0.2537308104248483
0.2539535546374128
0.2541752540686518
0.2543959160521838
0.2546155478531513
0.2548341566690191
0.2550517496303597
0.2552683338016297
0.2554839161819328
0.2556985037057754
0.2559121032438089
0.2561247216035635
0.2563363655301715
0.2565470417070805
0.2567567567567568
0.2569655172413793
0.2571733296635244
0.2573802004668406
0.2575861360367149
0.2577911427009294
0.2579952267303103
0.2581983943393659
0.2584006516869187
0.2586020048767272
0.2588024599580996
0.2590020229265003
0.2592006997241472
0.2593984962406015
0.2595954183133498
0.2597914717283786
0.2599866622207403
0.2601809954751131
0.2603744771263528
0.2605671127600371
0.2607589079130033
0.2609498680738787
0.2611399986836043
0.2613293051359517
0.2615177927780326
0.261705466910803
0.2618923327895595
0.2620783956244303
0.2622636605808589
0.262448132780083
0.2626318172996053
0.2628147191736604
0.2629968433936739
0.2631781949087169
0.2633587786259542
0.2635385994110869
0.2637176620887895
0.2638959714431413
0.2640735322180523
0.2642503491176844
0.2644264268068664
0.2646017699115044
0.2647763830189869
0.2649502706785849
0.2651234374018468
0.2652958876629889
0.2654676258992806
0.2656386565114246
0.2658089838639337
0.2659786122855011
0.2661475460693677
0.2663157894736842
0.2664833467218686
0.2666502220029601
0.2668164194719675
0.266981943250215
0.2671631727350742
0.2673273383495443
0.2674908424908425
0.267669997562759
0.2678484553636585
0.2680262199563001
0.2682032953719409
0.2683796856106409
0.2685553946415641
0.2687304264032763
0.2689047848040395
0.2690623312736217
0.2692353751272379
0.269407757126636
0.2695794810617358
0.2697344922014526
0.2699049316696375
0.2700747242320009
0.2702438735645792
0.2704123833156091
0.2705802571057907
0.2707474985285462
0.2709141111502761
0.2710800985106134
0.2712454641226735
0.271410211473303
0.2715743440233236
0.2717378652077756
0.2719007784361566
0.2720630870926591
0.2722247945364047
0.2723859041016754
0.2725464190981432
0.272706342811097
0.2728656785016661
0.2730244294070421
0.2731825987406983
0.2733401896926066
0.2734972054294513
0.2736536490948423
0.2738095238095238
0.2739648326715826
0.2741195787566527
0.2742737651181191
0.2744273947873181
0.2745804707737358
0.2747329960652052
0.2748849736281001
0.2750364064075277
0.2751872973275187
0.2753376492912155
0.2754874651810585
0.2756367478589701
0.2757855001665371
0.2759337249251912
0.2760814249363868
0.276228602981778
0.2763752618233932
0.2765214042038076
0.2766670328463144
0.2768121504550938
0.2769567597153804
0.2771008632936291
0.2772444638376786
0.2773875639769139
0.2775301663224263
0.2776722734671731
0.2778138879861337
0.2779550124364659
0.2780956493576595
0.2782358012716888
0.278375470683163
0.2785146600794759
0.2786533719309532
0.2787916086909986
0.2789293727962389
0.2790666666666666
0.2792034927057822
0.2793398533007335
0.2794757508224557
0.2796111876258078
0.2797461660497091
0.2798806884172738
0.2800147570359439
0.2801483741976218
0.2802815421788003
0.2804142632406922
0.2805465396293582
0.2806783735758336
0.2808097672962538
0.2809407229919783
0.281071242849714
0.2812013290416364
0.2813309837255105
0.2814602090448101
0.2815890071288356
0.2817173800928313
0.2818453300381011
0.2819728590521229
0.2820999692086626
0.282226662567886
0.2823529411764706
0.2824788070677153
0.2826042622616498
0.282729308765143
0.2828539485720094
0.2829781836631152
0.2831020160064837
0.2832254475573986
0.2833484802585075
0.2834711160399234
0.2835933568193256
0.2837152045020601
[23, 23, 23, 23, 23, 23, 23, 23, 23, 23, 23, 23, 23, 23, 23, 23, 23, 23, 23, 23, 23, 23, 23, 23, 23, 23, 23, 23, 24, 24, 24, 26, 27, 29, 31, 37, 44, 46, 55, 60, 69, 73, 75, 76, 76, 77, 77, 78, 78, 80, 80, 80, 81, 81, 82, 82, 82, 83, 83, 83, 82, 82, 82, 81, 81, 78, 78, 74, 72, 67, 61, 43, 39, 32, 23, 20, 18, 16, 16, 16, 16, 16, 16, 16, 16, 16, 16, 16, 16, 16, 17, 17, 17, 17, 17, 18, 18, 18, 19, 19, 20, 20, 23, 23, 26, 26, 29, 29, 34, 36, 42, 46, 49, 53, 57, 57, 62, 64, 68, 71, 72, 74, 75, 77, 77, 78, 78, 78, 79, 79, 79, 78, 78, 78, 78, 78, 78, 78, 78, 78, 78, 79, 78, 78, 77, 77, 77, 77, 78, 78, 78, 78, 77, 77, 77, 76, 76, 76, 75, 74, 73, 70, 68, 67, 64, 59, 55, 55, 49, 45, 40, 39, 35, 29, 27, 23, 20, 18, 14, 11, 10, 10, 8, 8, 7, 7, 7, 7, 7, 7, 7, 7, 7, 7, 7, 7, 7, 7, 7, 7, 7, 7, 7, 7, 7, 7, 7, 7, 6, 6, 6, 6, 6, 7, 7, 9, 10, 11, 13, 14, 18, 18, 23, 25, 33, 37, 41, 47, 53, 57, 58, 63, 65, 69, 72, 74, 75, 76, 76, 76, 77, 76, 76, 76, 77, 77, 77, 77, 77, 78, 78, 78, 78, 77, 77, 77, 77, 77, 77, 76, 76, 76, 76, 74, 72, 72, 68, 65, 64, 61, 60, 58, 55, 54, 52, 50, 47, 46, 44, 42, 41, 40, 39, 38, 38, 35, 35, 33, 33, 32, 32, 32, 32, 32, 31, 31, 31, 31, 30, 30, 30, 34, 34, 34, 34, 33, 33, 33, 33, 33, 32, 32, 33, 33, 33, 33, 33, 33, 33, 33, 33, 33, 33, 33, 33, 33, 33, 33, 33, 33, 33, 33, 33, 33, 33, 33, 33, 33, 33, 33, 33, 33, 33, 33, 33, 33, 33, 33, 33, 33, 33, 33, 33, 33, 33, 33, 33, 33, 33, 33, 33, 33, 33, 33, 33, 33, 33, 33, 33, 33, 33, 33, 33, 33, 33, 33, 33, 33, 33, 33, 33, 33, 33, 33, 33, 33, 33, 32, 33, 33, 32, 32, 32, 32, 32, 32, 32, 32, 33, 32, 32, 32, 33, 32, 32, 32, 32, 32, 32, 32, 32, 32, 32, 32, 32, 32, 32, 32, 32, 32, 32, 32, 32, 32, 32, 32, 32, 32, 32, 32, 32, 32, 32, 32, 32, 32, 32, 32, 32, 32, 32, 32, 32, 32, 32, 32, 32, 32, 32, 32, 32, 32, 32, 32, 32, 32, 32, 32, 32, 32, 32, 32, 32, 32, 32, 32, 32, 32, 32, 32, 32, 32, 32, 32, 32, 32, 32, 32, 32, 32, 32, 32, 32, 32, 32, 32, 32, 32, 32, 32, 32, 32, 32, 32, 32, 32, 32, 32, 32, 32]
Done!
----------
Completed successfully.
